0.0 0.0 0.0 0.0 0.0 0.0 0.0 0.0 0.0 0.0 0.0 0.0 0.0 0.0 0.0 0.0 0.0 0.0 0.0 0.0 0.0 0.0 0.0 0.0 0.0 0.0 0.0 0.0 0.0 0.0 0.0 0.0 0.0 0.0 0.00048433251288664317 0.00097479581707564887 0.00097479581707564887 0.0014411919456325192 0.001913491822652135 0.0019074376662410518 0.001416974362052046 0.001416974362052046 0.00095057823349517566 0.00047827835647556007 0.0 0.0 0.0 0.0 0.0 0.0 
0.0 0.0 0.0 0.0 0.0 0.0 0.0 0.0 0.0 0.0 0.0 0.0 0.0 0.0 0.0 0.0 0.0 0.0 0.0 0.0 0.0 0.0 0.0 0.0 0.0 0.0 0.0 0.0 0.0 0.0 0.0 0.0 0.0 0.0 0.00048433251288664317 0.00097479581707564887 0.0014296049168136846 0.001896001045370555 0.0023683009223901706 0.0023622467659790876 0.0018717834617900816 0.001416974362052046 0.00095057823349517566 0.00047827835647556007 0.0 0.0 0.0 0.0 0.0 0.0 
0.0 0.0 0.0 0.0 0.0 0.0 0.0 0.0 0.0 0.0 0.0 0.0 0.0 0.0 0.0 0.0 0.0 0.0 0.0 0.0 0.0 0.0 0.0 0.0 0.0 0.0 0.0 0.0 0.0 0.0 0.0 0.0 0.0 0.0 0.00048433251288664317 0.00097479581707564887 0.0014296049168136846 0.0018901710937635941 0.0023624709707832097 0.0023564168143721267 0.0018659535101831206 0.0014111444104450851 0.00095057823349517566 0.00047827835647556007 0.0 0.0 0.0 0.0 0.0 0.0 
0.0 0.0 0.0 -0.0071662079664284511 -0.0071662079664284511 -0.0071662079664284511 -0.0071662079664284511 -0.0071662079664284511 0.0 0.0 0.0 0.0 0.0 0.0 0.0 0.0 0.0 0.0 0.0 0.0 0.0 0.0 0.0 0.0 0.0 0.0 0.0 0.0 0.0 0.0 0.0 0.0 0.0 0.0 0.00048433251288664317 0.00097479581707564887 0.0014296049168136846 0.0018901710937635941 0.0018901710937635941 0.0018841169373525111 0.0013936536331635053 0.00093884453342546958 0.00047827835647556007 0.00047827835647556007 0.0 0.0 0.0 0.0 0.0 0.0 
0.0 0.0 0.0 -0.0071662079664284511 -0.021771906625773094 -0.021771906625773094 -0.021771906625773094 -0.021771906625773094 -0.014605698659344642 0.0 0.0 0.0 0.0 0.0 0.0 0.0 0.0 0.0 0.0 0.0 0.0 0.0 0.0 0.0 0.0 0.0 0.0 0.0 0.0 0.0 0.0 0.0 0.0 0.0 0.0 0.0004904633041890057 0.00094527240392704138 0.0014058385808769509 0.0014058385808769509 0.0014058385808769509 0.00091537527668794519 0.00046056617694990951 0.0 0.0 0.0 0.0 0.0 0.0 0.0 0.0 
0.0 0.0 0.0 -0.0071662079664284511 -0.021771906625773094 -0.039410789876199975 -0.039410789876199975 -0.039410789876199975 -0.032244581909771523 -0.017638883250426885 0.0 0.0 0.0 0.0 0.0 0.0 0.0 0.0 0.0 0.0 0.0 0.0 0.0 0.0 0.0 0.0 0.0 0.0 0.0 0.0 0.0 0.0 0.0 0.0 0.0 0.0 0.00045480909973803568 0.00091537527668794519 0.00091537527668794519 0.00091537527668794519 0.00091537527668794519 0.00046056617694990951 0.0 0.0 0.0 0.0 0.0 0.0 0.0 0.0 
0.0 0.0 0.0 -0.0071662079664284511 -0.021771906625773094 -0.039410789876199975 -0.046311610207371692 -0.046311610207371692 -0.039145402240943233 -0.024539703581598599 -0.0069008203311717135 0.0 0.0 0.0 0.0 0.0 0.0 0.0 0.0 0.0 0.0 0.0 0.0 0.0 0.0 0.0 0.0 0.0 0.0 0.0 0.0 0.0 0.0 0.0 0.0 0.0 0.0 0.00046056617694990951 0.00046056617694990951 0.00046056617694990951 0.00046056617694990951 0.00046056617694990951 0.0 0.0 0.0 0.0 0.0 0.0 0.0 0.0 
0.0 0.0 -0.0070766303668480957 -0.014242838333276546 -0.028848536992621188 -0.046487420243048069 -0.053388240574219786 -0.053299782694634187 -0.046133574728205728 -0.031527876068861094 -0.013888992818434209 -0.0069881724872624942 0.0 0.0 0.0 0.0 0.0 0.0 0.0 0.0 0.0 0.0 0.0 0.0 0.0 0.0 0.0 0.0096593322666006509 0.0096593322666006509 0.0096593322666006509 0.0096593322666006509 0.0096593322666006509 0.0 0.0 0.0 0.0 0.0 0.0 0.0 0.0 0.0 0.0 0.0 0.0 0.0 0.0 0.0 0.0 0.0 0.0 
0.0 0.0 -0.0070766303668480957 -0.0070766303668480957 -0.021682329026192736 -0.039321212276619617 -0.046222032607791327 -0.046133574728205728 -0.046133574728205728 -0.031527876068861094 -0.013888992818434209 -0.0069881724872624942 0.0 0.0 0.0 0.0 0.0 0.0 0.0 0.0 0.0 0.0 0.0 0.0 0.0 0.0 0.0 0.0096593322666006509 0.019440934561892449 0.019440934561892449 0.019440934561892449 0.019440934561892449 0.0097816022952917983 0.0 0.0 0.0 0.0 0.0 0.0 0.0 0.0 0.0 0.0 0.0 0.0 0.0 0.0 0.0 -0.011088538889002436 -0.011088538889002436 
0.0 0.0 -0.0070766303668480957 -0.0070766303668480957 -0.0070766303668480957 -0.024715513617274983 -0.031616333948446693 -0.031527876068861094 -0.031527876068861094 -0.031527876068861094 -0.013888992818434209 -0.0069881724872624942 0.0 0.0 0.0 0.0 0.0 0.0 0.0 0.0 0.0 0.0 0.0 0.0 0.0 0.0 0.0 0.0096593322666006509 0.019440934561892449 0.039377159717494385 0.039377159717494385 0.039377159717494385 0.029717827450893734 0.019936225155601936 0.0 0.0 0.0 0.0 0.0 0.0 0.0 0.0 0.0 0.0 0.0 0.0 0.0 0.0 -0.011088538889002436 -0.033688477146991705 
-0.0092883115995729734 -0.0092883115995729734 -0.016364941966421069 -0.016364941966421069 -0.016364941966421069 -0.0070766303668480957 -0.013977450698019809 -0.013888992818434209 -0.013888992818434209 -0.013888992818434209 -0.013888992818434209 -0.0069881724872624942 0.0 0.0 0.0 0.0 0.0 0.0 0.0 0.0 0.0 0.0 0.0 0.0 0.0 0.0 0.0 0.0096593322666006509 0.019440934561892449 0.039377159717494385 0.038030906968995387 0.038030906968995387 0.028371574702394736 0.018589972407102938 -0.0013462527484989998 0.0 0.0 0.0 0.0 0.0 0.0 0.0 0.0 0.0 0.0 -0.0059491445391159151 -0.0059491445391159151 -0.0059491445391159151 -0.017037683428118351 -0.03963762168610762 
-0.0092883115995729734 -0.020191929778127799 -0.027268560144975897 -0.027268560144975897 -0.027268560144975897 -0.017980248545402922 -0.0070766303668480957 -0.0069881724872624942 -0.0069881724872624942 -0.0069881724872624942 -0.0069881724872624942 -0.0069881724872624942 0.0 0.0 0.0 0.0 0.0 0.0 0.0 0.0 0.0 0.0 0.0 0.0 0.0 0.0 0.010105979855413262 0.019765312122013913 0.029546914417305711 0.049483139572907647 0.048136886824408649 0.047450265199597677 0.037790932932997026 0.028009330637705228 0.0080731054821032919 0.0094193582306022917 0.0 0.0 0.0 0.0 0.0 0.0 0.0 0.0 0.0 -0.0059491445391159151 -0.016627039315082463 -0.016627039315082463 -0.027715578204084899 -0.050315516462074168 
-0.031511356501226134 -0.042414974679780962 -0.020191929778127799 -0.020191929778127799 -0.020191929778127799 -0.010903618178554826 0.0 0.0 0.0 0.0 0.0 0.0 0.0 0.0 0.0 0.0 0.0 0.0 0.0 0.0 0.0 0.0 0.0 0.0 0.0 0.0 0.010105979855413262 0.030703330241706593 0.040484932536998391 0.060421157692600327 0.059074904944101329 0.058388283319290357 0.04732952354626517 0.037547921250973372 0.017611696095371436 0.018957948843870434 0.0095385906132681442 0.0 0.0 0.0 0.0 0.0 0.0 0.0 0.0 -0.0059491445391159151 -0.016627039315082463 -0.038390029468951148 -0.049478568357953584 -0.072078506615942853 
-0.042834299528897515 -0.053737917707452343 -0.031514872805799184 -0.020191929778127799 -0.020191929778127799 -0.010903618178554826 0.0 0.0 0.0 0.0 0.0 0.0 0.0 0.0 0.0 0.0 0.0 0.0 0.0 0.0 0.0 0.0 0.0 0.0 0.0 0.0 0.010105979855413262 0.030703330241706593 0.041197959847014874 0.06113418500261681 0.059787932254117812 0.05910131062930684 0.048042550856281653 0.037547921250973372 0.017611696095371436 0.018957948843870434 0.0095385906132681442 0.0 0.0 0.0 0.0 0.0 0.0 0.0 0.0 -0.0059491445391159151 -0.016627039315082463 -0.038390029468951148 -0.038390029468951148 -0.060989967726940417 
-0.065911985045958882 -0.076815603224513709 -0.05459255832286055 -0.043269615295189169 -0.020191929778127799 -0.010903618178554826 0.0 0.0 0.0 0.0 0.0 0.0 0.0 0.0 0.0 0.0 0.0 0.0 0.0 0.0 0.0 0.0 0.0 0.0 0.0 0.0 0.010105979855413262 0.030703330241706593 0.041197959847014874 0.062587430857994092 0.061241178109495101 0.060554556484684129 0.049495796711658942 0.039001167106350661 0.028535508641511484 0.029881761390010482 0.020462403159408189 0.010923812546140044 0.010923812546140044 0.0 0.0 0.0 0.0 0.0 0.0 -0.0059491445391159151 -0.016627039315082463 -0.038390029468951148 -0.038390029468951148 -0.038390029468951148 
-0.068382067468294422 -0.079285685646849249 -0.057062640745196083 -0.045739697717524702 -0.022662012200463332 -0.010903618178554826 0.0 0.0 0.0 0.0 0.0 0.0 0.0 0.0 0.0 0.0 0.0 0.0 0.0 0.0 0.0 0.0 0.0 0.0 0.0 0.012719027819278174 0.022825007674691436 0.043422358060984767 0.053916987666293048 0.075306458677272287 0.065481246295277962 0.064794624670466983 0.053735864897441796 0.043241235292133515 0.032775576827294331 0.029881761390010482 0.020462403159408189 0.010923812546140044 0.010923812546140044 0.0 0.0053192722989677706 0.0053192722989677706 0.0053192722989677706 0.0053192722989677706 0.0053192722989677706 0.0 -0.010677894775966548 -0.03244088492983524 -0.03244088492983524 -0.03244088492983524 
-0.068382067468294422 -0.068382067468294422 -0.046159022566641256 -0.034836079538969875 -0.011758394021908506 0.0 0.0 0.0 0.0 0.0 0.0 0.0 0.0 0.0 0.0 0.0 0.0 0.0 0.0 0.0 0.0 0.0 0.0 0.0 0.0 0.012719027819278174 0.020336240363756357 0.040933590750049688 0.051428220355357969 0.072817691366337201 0.062992478984342876 0.060536489430322742 0.049477729657297555 0.038983100051989274 0.02851744158715009 0.025623626149866238 0.020462403159408189 0.010923812546140044 0.010923812546140044 0.0 0.0053192722989677706 0.0020024735279595362 0.0020024735279595362 0.0020024735279595362 0.0020024735279595362 -0.0033167987710082344 0.0 -0.021762990153868692 -0.021762990153868692 -0.021762990153868692 
-0.046159022566641256 -0.046159022566641256 -0.046159022566641256 -0.034836079538969875 -0.011758394021908506 0.0 0.0 0.0 0.0 0.0 0.0 0.0 0.0 0.0 0.0 0.0 0.0 0.0 0.0 0.0 0.0 0.0 0.0078112738799327635 0.0078112738799327635 0.0078112738799327635 0.020530301699210936 0.028147514243689119 0.028049873320189961 0.038544502925498242 0.059933973936477467 0.050108761554483149 0.047652772000463015 0.05045840782124883 0.039963778215940549 0.029498119751101361 0.026604304313817512 0.021443081323359463 0.010923812546140044 0.010923812546140044 0.0 0.0053192722989677706 0.0020024735279595362 -0.0047576098508619255 -0.0047576098508619255 -0.0047576098508619255 -0.010076882149829696 -0.0067600833788214612 0.0 0.0 0.0 
-0.034836079538969875 -0.034836079538969875 -0.034836079538969875 -0.034836079538969875 -0.011758394021908506 0.0 0.0 0.0 0.0 0.0 0.0 0.0 0.0 0.0 0.0 0.0 0.0 0.0 0.0 0.0 0.0 0.0 0.0078112738799327635 0.015721424644421639 0.015721424644421639 0.028440452463699809 0.036057665008177989 0.035960024084678834 0.028049873320189961 0.049439344331169185 0.039614131949174861 0.037158142395154727 0.039963778215940549 0.045323488443964131 0.034857829979124955 0.031964014541841099 0.026802791551383046 0.016283522774163631 0.010923812546140044 0.0 0.0053192722989677706 0.0020024735279595362 -0.0047576098508619255 -0.0082019640921211674 -0.0082019640921211674 -0.013521236391088938 -0.010204437620080704 -0.0034443542412592428 0.0 0.0 
-0.011758394021908506 -0.011758394021908506 -0.011758394021908506 -0.011758394021908506 -0.011758394021908506 0.0 0.0 0.0 0.0 0.0 0.0 0.0 0.0 0.0 0.0 0.0 0.0 0.0 0.0 0.0 0.0 0.0 0.0078112738799327635 0.015721424644421639 0.031843379094717822 0.044562406913995996 0.052179619458474179 0.052081978534975017 0.044171827770486144 0.028049873320189961 0.018224660938195639 0.015768671384175505 0.01857430720496132 0.023934017432984907 0.023934017432984907 0.021040201995701054 0.015878979005243005 0.0053597102280235863 0.0 -0.0035321049742123309 0.0017871673247554396 -0.0015296314462527947 -0.0082897148250742556 -0.011734069066333497 -0.011689917754155843 -0.017009190053123614 -0.01369239128211538 -0.0069323079032939192 -0.0034879536620346764 0.0 
0.0 0.0 0.0 0.0 0.0 0.0 0.0 0.0 0.0 0.0 0.0 0.0 0.0 0.0 0.0 0.0 0.0 0.0 0.0 0.0 0.0 0.0 0.0078112738799327635 0.015721424644421639 0.031843379094717822 0.031843379094717822 0.039460591639196005 0.039362950715696843 0.03145279995120797 0.015330845500911787 0.015330845500911787 0.012874855946891653 0.015680491767677468 0.021040201995701054 0.021040201995701054 0.021040201995701054 0.015878979005243005 0.0053597102280235863 0.0 -0.0035321049742123309 -0.0071089201379716527 -0.010425718908979887 -0.017185802287801349 -0.020630156529060591 -0.020586005216882936 -0.017009190053123614 -0.01369239128211538 -0.0069323079032939192 -0.0034879536620346764 0.0 
0.0 0.0 0.0 0.0 0.0 0.0 0.0 0.0 0.0 0.0 0.0 0.0 0.0 0.0 0.0 0.0 0.0 0.0 0.0 0.0 0.0 0.0 0.0078112738799327635 0.015721424644421639 0.031843379094717822 0.031843379094717822 0.031843379094717822 0.03174573817121866 0.023835587406729787 0.007713632956433604 0.007713632956433604 0.007713632956433604 0.010519268777219419 0.015878979005243005 0.015878979005243005 0.015878979005243005 0.015878979005243005 0.0053597102280235863 0.0 -0.0035321049742123309 -0.0071089201379716527 -0.0071089201379716527 -0.013869003516793113 -0.017313357758052355 -0.0172692064458747 -0.01369239128211538 -0.01369239128211538 -0.0069323079032939192 -0.0034879536620346764 0.0 
0.0 0.0 0.0 0.0 0.0 0.0 0.0 0.0 0.0 0.0 0.0 0.0 0.0 0.0 0.0 0.0 0.0 0.0 0.0 0.0 0.0 0.0 0.0 0.0079101507644888745 0.024032105214785056 0.024032105214785056 0.024032105214785056 0.024032105214785056 0.016121954450296183 0.0 0.0 0.0 0.0 0.0053597102280235863 0.0053597102280235863 0.0053597102280235863 0.0053597102280235863 0.0053597102280235863 0.0 -0.0035321049742123309 -0.0071089201379716527 -0.0071089201379716527 -0.0071089201379716527 -0.010553274379230895 -0.01050912306705324 -0.0069323079032939192 -0.0069323079032939192 -0.0069323079032939192 -0.0034879536620346764 0.0 
0.0 0.0 0.0 0.0 0.0 0.0 0.0 0.0 0.0 0.0 0.0 0.0 0.0 0.0 0.0 0.0 0.0 0.0 0.0 0.0 0.0 0.0 0.0 0.0 0.016121954450296183 0.016121954450296183 0.016121954450296183 0.016121954450296183 0.016121954450296183 0.0 0.0 0.0 0.0 0.0 0.0 0.0 0.0 0.0 0.00087036303956970816 -0.0026617419346426229 -0.0062385570984019442 -0.0062385570984019442 -0.0062385570984019442 -0.0071089201379716527 -0.0070647688257939982 -0.0034879536620346764 -0.0034879536620346764 -0.0034879536620346764 -0.0034879536620346764 0.0 
0.0 0.0 0.0 0.0 0.0 0.0 0.0 0.0 0.0 0.0 0.0 0.0 0.0 0.0 0.0 0.0 0.0 0.0 0.0 -0.0065915695344129438 -0.0065915695344129438 -0.0065915695344129438 -0.0065915695344129438 -0.0065915695344129438 0.0 0.0 0.0 0.0 0.0 0.0 0.0 0.0 0.0 0.0 0.0 0.0 0.0 0.0 0.00087036303956970816 0.0026442803386125999 -0.00093253482514672238 -0.00093253482514672238 -0.00093253482514672238 -0.0018028978647164305 -0.0035768151637593222 0.0 0.0 0.0 0.0 0.0 
0.0 0.0 0.0 0.0 0.0 0.0 0.0 0.0 0.0 0.0 0.0 0.0 0.0 0.0 0.0 0.0 0.0 0.0 0.0 -0.0065915695344129438 0.00020771364173621364 0.00020771364173621364 0.00020771364173621364 0.00020771364173621364 0.0067992831761491575 0.0 0.0 0.0 0.0 0.0 0.0 0.0 0.0 0.0 0.0 0.0 0.0 0.0 0.00087036303956970816 0.0026442803386125999 -0.0014032353587173723 -0.0014032353587173723 -0.0014032353587173723 -0.0022735983982870803 -0.0040475156973299722 0.0 0.0 0.0 0.0 0.0 
0.0 0.0 0.0 0.0 0.0 0.0 0.0 0.0 0.0 0.0 0.0 0.0 0.0 0.0 0.0 0.0 0.0 0.0 0.0 -0.0065915695344129438 0.00020771364173621364 -0.0029066349504351329 -0.0029066349504351329 -0.0029066349504351329 0.0036849345839778109 -0.0031143485921713465 0.0 0.0 0.0 0.0 0.0 0.0 0.0 0.0 0.0 0.0 0.0 0.0 0.00087036303956970816 0.0026442803386125999 -0.0014032353587173723 -0.00056510465038454155 -0.00056510465038454155 -0.0014354676899542497 -0.0032093849889971416 0.00083813070833283073 0.0 0.0 0.0 0.0 
0.0 0.0 0.0 0.0 0.0 0.0 0.0 0.0 0.0 0.0 0.0 0.0 0.0 0.0 0.0 0.0 0.0 -0.0031936918746830025 -0.0031936918746830025 -0.0097852614090959463 -0.0029859782329467888 -0.0061003268251181349 -0.0060604056766845986 -0.0060604056766845986 0.00053116385772834568 -0.0062681193184208114 -0.0031537707262494653 0.0 0.0 0.0 0.0 0.0 0.0 0.0 0.0 0.0 0.0 0.00085948350157508688 0.0017298465411447949 0.0035037638401876868 -0.0005437518571422854 0.00029437885119054533 0.00028363530742085664 -0.00058672773214885141 -0.0023606450311917434 0.0016868706661382288 0.00084873995780539819 0.0 0.0 0.0 
0.0 0.0 0.0 0.0 0.0 0.0 0.0 0.0 0.0 0.0 0.0 0.0 0.0 0.0 0.0 0.0 0.0 -0.0031936918746830025 -0.0064278102287923721 -0.013019379763205316 -0.0062200965870561585 -0.0093344451792275046 -0.0092945240307939683 -0.0060604056766845986 0.00053116385772834568 -0.0062681193184208114 -0.0031537707262494653 0.0 0.0 0.0 0.0 0.0 0.0 0.0 0.0 0.0 0.0 0.00085948350157508688 0.00085948350157508688 0.0026334008006179787 -0.0014141148967119935 -0.00057598418837916273 -0.00058672773214885141 -0.00058672773214885141 -0.0023606450311917434 0.0016868706661382288 0.00084873995780539819 0.0 0.0 0.0 
0.0 0.0 0.0 0.0 0.0 0.0 0.0 0.0 0.0 0.0 0.0 0.0 0.0 0.0 0.0 0.0 0.0 -0.0031936918746830025 -0.0064278102287923721 -0.0064278102287923721 0.00037147294735678533 -0.0027428756448145612 -0.002702954496381024 0.00053116385772834568 0.00053116385772834568 -0.0062681193184208114 -0.0031537707262494653 0.0 0.0 0.0 0.0 0.0 0.0 0.0 0.0 0.0 0.0 0.00085948350157508688 0.00085948350157508688 0.00085948350157508688 -0.0031880321957548853 -0.0023499014874220547 -0.0023606450311917434 -0.0023606450311917434 -0.0023606450311917434 0.0016868706661382288 0.00084873995780539819 0.0 0.0 0.0 
0.0 0.0 0.0 0.0 0.0 0.0 0.0 0.0 0.0 0.0 0.0 0.0 0.0 0.0 0.0 0.0 0.0 -0.0031936918746830025 -0.0064278102287923721 -0.0064278102287923721 -0.0064278102287923721 -0.0095421588209637191 -0.009502237672530181 -0.0062681193184208114 -0.0062681193184208114 -0.0062681193184208114 -0.0031537707262494653 0.0 0.0 0.0 0.0 0.0 0.0 0.0 0.0 0.0 0.0 0.00085948350157508688 0.00085948350157508688 0.00085948350157508688 0.00085948350157508688 0.0016976142099079175 0.0016868706661382288 0.0016868706661382288 0.0016868706661382288 0.0016868706661382288 0.00084873995780539819 0.0 0.0 0.0 
0.0 0.0 0.0 0.0 0.0 0.0 0.0 0.0 0.0 0.0 0.0 0.0 0.0 0.0 0.0 0.0 0.0 -0.0031936918746830025 -0.0064278102287923721 -0.0064278102287923721 -0.0064278102287923721 -0.0064278102287923721 -0.0063878890803588349 -0.0031537707262494653 -0.0031537707262494653 -0.0031537707262494653 -0.0031537707262494653 0.0 0.0 0.0 0.0 0.0 0.0 0.0 0.0 0.0 0.0 0.00085948350157508688 0.00085948350157508688 0.00085948350157508688 0.00085948350157508688 0.00085948350157508688 0.00084873995780539819 0.00084873995780539819 0.00084873995780539819 0.00084873995780539819 0.00084873995780539819 0.0 0.0 0.0 
0.0 0.0 0.0 0.0 0.0 0.0 0.0 0.0 0.0 0.0 0.0 0.0 0.0 0.0 0.0 0.0 0.0 0.0 -0.0032341183541093697 -0.0032341183541093697 -0.0032341183541093697 -0.0032341183541093697 -0.0032341183541093697 0.0 0.0 0.0 0.0 0.0 0.0 0.0 0.0 0.0 0.0 0.0 0.0 0.0 0.0 0.0 0.0 0.0 0.0 0.0 0.0 0.0 0.0 0.0 0.0 0.0 0.0 0.0 
0.0 0.0 0.0 0.0 0.0 0.0 0.0 0.0 0.0 0.0 0.0 0.0 0.0 0.0 0.0 0.0 0.0 0.0 0.0 0.0 0.0 0.0 0.0 0.0 0.0 0.0 0.0 0.0 0.0 0.0 0.0 0.0 0.0 0.0 0.0 0.0 0.0 0.0 0.0 0.0 0.0 0.0 0.0 0.0 0.0 0.0 0.0 0.0 0.0 0.0 
0.0 0.0 0.0 0.0 0.0 0.0 0.0 0.0 0.0 0.0 0.0 0.0 0.0 0.0 0.0 0.0 0.0 0.0 0.0 0.0 0.0 0.0 0.0 0.0 0.0 0.0 0.0 0.0 0.0 -0.010069618010126291 -0.010069618010126291 -0.010069618010126291 -0.010069618010126291 -0.010069618010126291 0.0 0.0 0.0 0.0 0.0 0.0 0.0 0.0 0.0 0.0 0.0 0.0 0.0 0.0 0.0 0.0 
0.0 0.0 0.0 0.0 0.0 0.0 0.0 0.0 0.0 0.0 0.0 0.0 0.0 0.0 0.0 0.0 0.0 0.0 0.0 0.0 -0.011514975308584611 -0.011514975308584611 -0.011514975308584611 -0.011514975308584611 -0.011514975308584611 0.0 0.0 0.0 0.0 -0.010069618010126291 -0.023843514703127427 -0.023843514703127427 -0.023843514703127427 -0.023843514703127427 -0.013773896693001136 0.0 0.0 0.0 0.0 0.0 0.0 0.0 0.0 0.0 0.0 0.0 0.0 0.0 0.0 0.0 
0.0 0.0 0.0 0.0 0.0 0.0 0.0 0.0 0.0 0.0 0.0 0.0 0.0 0.0 0.0 0.0 0.0 0.0 0.0 0.0 -0.011514975308584611 -0.030795818783736301 -0.030795818783736301 -0.030795818783736301 -0.030795818783736301 -0.019280843475151691 0.0 0.0 0.0 -0.010069618010126291 -0.023843514703127427 -0.033299319919663298 -0.033299319919663298 -0.033299319919663298 -0.02322970190953701 -0.0094558052165358737 0.0 0.0 0.0 0.0 0.0 0.0 0.0 0.0 0.0 0.0 0.0 0.0 0.0 0.0 
0.0 0.0 0.0 0.0 0.0 0.0 0.0 0.0 0.0 0.0 0.0 0.0 0.0 0.0 0.0 0.0 0.0 -0.017554656303680572 -0.017554656303680572 -0.017554656303680572 -0.029069631612265182 -0.048350475087416869 -0.073141806880082316 -0.073141806880082316 -0.073141806880082316 -0.061626831571497703 -0.042345988096346016 -0.0096967078009661256 -0.0096967078009661256 -0.019766325811092417 -0.033540222504093553 -0.042996027720629423 -0.042874818873117351 -0.042874818873117351 -0.03280520086299106 -0.019031304169989924 -0.0095754989534540501 0.0 0.0 0.0 0.0 0.0 0.0 0.0 0.0 0.0 0.0 0.0 0.0 0.0 
0.0 0.0 0.0 0.0 0.0 0.0 0.0 0.0 0.0 0.0 0.0 0.0 0.0 0.0 0.0 0.0 0.0 -0.017554656303680572 -0.026498991973098268 -0.026498991973098268 -0.038013967281682881 -0.057294810756834569 -0.082086142549500016 -0.09471766260945215 -0.09471766260945215 -0.083202687300867537 -0.063921843825715849 -0.031272563530335959 -0.019516158738653342 -0.029585776748779633 -0.043359673441780766 -0.052815478658316636 -0.052694269810804564 -0.042874818873117351 -0.03280520086299106 -0.019031304169989924 -0.0095754989534540501 0.0 0.001009429075125613 0.001009429075125613 0.001009429075125613 0.001009429075125613 0.001009429075125613 0.0 0.0 0.0 0.0 0.0 0.0 0.0 
0.0 0.0 0.0 0.0 0.0 0.0 0.0 0.0 0.0 0.0 0.0 0.0 0.0 0.0 0.0 0.0 0.0 -0.017554656303680572 -0.026498991973098268 -0.056088984484827249 -0.067603959793411855 -0.086884803268563543 -0.11167613506122899 -0.12430765512118114 -0.12733193777799515 -0.11581696246941053 -0.096536118994258846 -0.063886838698878956 -0.052130433907196336 -0.029459906523653056 -0.043233803216654196 -0.052689608433190066 -0.052568399585677994 -0.042748948647990767 -0.03280520086299106 -0.019031304169989924 -0.0095754989534540501 0.0 0.001009429075125613 0.0030667817166250199 0.0030667817166250199 0.0030667817166250199 0.0030667817166250199 0.0020573526414994067 0.0 0.0 0.0 0.0 0.0 0.0 
0.0 0.0 0.0 0.0 0.0 0.0 0.0 0.0 0.0 0.0 0.0 0.0 0.0 0.0 0.0 0.0 0.0 -0.017554656303680572 -0.026498991973098268 -0.056088984484827249 -0.08864307141999693 -0.10792391489514862 -0.13271524668781406 -0.1453467667477662 -0.14837104940458021 -0.11581696246941053 -0.096536118994258846 -0.063886838698878956 -0.052130433907196336 -0.029459906523653056 -0.029459906523653056 -0.03891571174018893 -0.038794502892676858 -0.028975051954989638 -0.019031304169989924 -0.019031304169989924 -0.0095754989534540501 0.0 0.001009429075125613 0.0030667817166250199 -0.0067865462410343991 -0.0067865462410343991 -0.0067865462410343991 -0.0077959753161600124 -0.009853327957659419 0.0 0.0 0.0 0.0 0.0 
0.0 0.0 0.0 0.0 0.0 0.0 0.0 0.0 0.0 0.0 0.0 0.0 0.0 0.0 0.0 0.0 0.0 -0.017554656303680572 -0.026498991973098268 -0.056088984484827249 -0.08864307141999693 -0.098752158896147593 -0.12354349068881304 -0.13617501074876517 -0.13919929340557918 -0.10664520647040951 -0.10363691943847296 -0.07098763914309307 -0.05923123435141045 -0.036560706967867167 -0.036560706967867167 -0.029459906523653056 -0.02933869767614098 -0.019519246738453764 -0.0095754989534540501 -0.0095754989534540501 -0.0086034522703078448 0.00097204668314620525 0.0019814757582718185 0.0040388283997712252 -0.0058144995578881939 -0.0067865462410343991 -0.0067865462410343991 -0.0077959753161600124 -0.009853327957659419 0.0 0.0 0.0 0.0 0.0 
0.0 0.0 0.0 0.0 0.0 0.0 0.0 0.0 0.0 0.0 0.0 0.0 0.0 0.0 0.0 0.0 0.0 0.0 -0.0089443356694176943 -0.038534328181146674 -0.071088415116316361 -0.081197502592467025 -0.081197502592467025 -0.093829022652419158 -0.096853305309233167 -0.06429921837406348 -0.061290931342126938 -0.080471707084394939 -0.068715302292712319 -0.046044774909169049 -0.046044774909169049 -0.038943974464954935 -0.01976319872268693 -0.0099437477849997138 0.0 0.0 0.00097204668314620525 0.0029532089663732095 0.0039626380414988227 0.0060199906829982285 -0.0038333372746611905 -0.0048053839578073958 0.0032667337327297284 0.0022573046576041152 0.00019995201610470848 0.010053279973764127 0.010053279973764127 0.0 0.0 0.0 
0.0 0.0 0.0 0.0 0.0 0.0 0.0 0.0 0.0 0.0 0.0 0.0 0.0 0.0 0.0 0.0 0.0 0.0 0.0 -0.029589992511728981 -0.062144079446898662 -0.072253166923049325 -0.072253166923049325 -0.072253166923049325 -0.075277449579863334 -0.042723362644693647 -0.039715075612757104 -0.058895851355025113 -0.071037716416419663 -0.048367189032876394 -0.048367189032876394 -0.04126638858866228 -0.022085612846394272 -0.0099437477849997138 0.0 0.0 0.00097204668314620525 0.0029532089663732095 0.0029532089663732095 0.0050105616078726153 -0.0048427663497868038 -0.005814813032933009 0.0022573046576041152 0.0073795872650470268 0.0053222346235476201 0.015175562581207039 0.015175562581207039 0.0051222826074429116 0.0 0.0 
0.0 0.0 0.0 0.0 0.0 0.0 0.0 0.0 0.0 0.0 0.0 0.0 0.0 0.0 0.0 0.0 0.0 0.0 0.0 0.0 -0.032554086935169681 -0.042663174411320337 -0.042663174411320337 -0.042663174411320337 -0.050224915204619594 -0.017670828269449913 -0.014662541237513368 -0.033843316979781365 -0.04598518204117593 -0.055608459560640359 -0.055608459560640359 -0.048507659116426245 -0.029326883374158241 -0.017185018312763683 0.0 0.0 0.00097204668314620525 0.0029532089663732095 0.0029532089663732095 0.0029532089663732095 -0.0069001189912862096 -0.0078721656744324148 0.00019995201610470848 0.0053222346235476201 0.015762137646568586 0.025615465604228001 0.025615465604228001 0.015562185630463875 0.010439903023020964 0.0 
0.0 0.0 0.0 0.0 0.0 0.0 0.0 0.0 0.0 0.0 0.0 0.0 0.0 0.0 0.0 0.0 0.0 0.0 0.0 0.0 0.0 -0.01010908747615066 -0.01010908747615066 -0.01010908747615066 -0.017670828269449913 -0.030868333478801482 -0.027860046446864937 -0.047040822189132941 -0.059182687250527492 -0.068805964769991915 -0.052345455572593284 -0.04524465512837917 -0.026063879386111169 -0.013922014324716609 0.0032630039880470734 0.0 0.00097204668314620525 0.0029532089663732095 0.0029532089663732095 0.0029532089663732095 0.0029532089663732095 0.0019811622832270042 0.010053279973764127 0.015175562581207039 0.025615465604228001 0.023277278872006653 0.023277278872006653 0.013223998898242526 0.0081017162907996154 -0.0023381867322213477 
0.0 0.0 0.0 0.0 0.0 0.0 0.0 0.0 0.0 0.0 0.0 0.0 0.0 0.0 0.0 0.0 0.0 0.0 0.0 0.0 0.0 0.0 0.0 0.0 -0.0075617407932992544 -0.020759246002650823 -0.023237019318896525 -0.042417795061164526 -0.054559660122559077 -0.064182937642023513 -0.047722428444624869 -0.049836067590424651 -0.03065529184815665 -0.018513426786762089 -0.001328408473998407 -0.0045914124620454804 0.0 0.0019811622832270042 0.0019811622832270042 0.0019811622832270042 0.0019811622832270042 0.0019811622832270042 0.010053279973764127 0.015175562581207039 0.025615465604228001 0.023277278872006653 0.029113701889774597 0.01906042191601047 0.013938139308567559 0.0034982362855465968 
0.0 0.0 0.0 0.0 0.0 0.0 0.0 0.0 0.0 0.0 0.0 0.0 0.0 0.0 0.0 0.0 0.0 0.0 0.0 0.0 0.0 0.0 -0.0050500363055031774 -0.0050500363055031774 -0.012611777098802433 -0.025809282308153998 -0.028287055624399701 -0.023237019318896525 -0.035378884380291076 -0.045002161899755505 -0.028541652702356871 -0.03065529184815665 -0.035304823455291311 -0.023162958393896753 -0.00597794008113307 -0.0092409440691801435 -0.004649531607134663 0.0 0.0 0.0 0.0 0.0 0.0 0.0051222826074429116 0.015562185630463875 0.013223998898242526 0.01906042191601047 0.01906042191601047 0.013938139308567559 0.0034982362855465968 
0.0 0.0 0.0 0.0 0.0 0.0 0.0 0.0 0.0 0.0 0.0 0.0 0.0 0.0 0.0 0.0 0.0 0.0 0.0 0.0 0.0 0.0 -0.0050500363055031774 -0.0076230983511381056 -0.01518483914443736 -0.028382344353788926 -0.030860117670034628 -0.025810081364531452 -0.023237019318896525 -0.032860296838360954 -0.01639978764096231 -0.018513426786762089 -0.023162958393896753 -0.023162958393896753 -0.00597794008113307 -0.0092409440691801435 -0.004649531607134663 0.0 0.0 0.0 0.0 0.0 0.0 0.0 0.010439903023020964 0.0081017162907996154 0.013938139308567559 0.013938139308567559 0.013938139308567559 0.0034982362855465968 
0.0 0.0 0.0 0.0 0.0 0.0 0.0 0.0 0.0 0.0 0.0 0.0 0.0 0.0 0.0 0.0 0.0 0.0 0.0 0.0 0.0 0.0 -0.0050500363055031774 -0.0076230983511381056 -0.012867345942946515 -0.026064851152298084 -0.028542624468543786 -0.023492588163040611 -0.020919526117405683 -0.015675278525597271 0.00078523067180137152 -0.001328408473998407 -0.00597794008113307 -0.00597794008113307 -0.00597794008113307 -0.0092409440691801435 -0.004649531607134663 0.0 0.0 0.0 0.0 0.0 0.0 0.0 0.0 -0.0023381867322213477 0.0034982362855465968 0.0034982362855465968 0.0034982362855465968 0.0034982362855465968 
